20
2
1 1
1 1
4
1 1
1 2
2 1
2 2
4
1 1
1 2
2 2
3 1
5
1 1
1 2
2 2
2 3
3 1
6
1 1
1 1
1 2
2 2
2 3
3 1
5
1 3
2 1
2 2
3 1
3 3
5
1 3
2 1
2 2
2 3
3 1
6
1 3
2 1
2 2
2 3
3 1
3 2
6
1 3
2 2
3 1
4 2
5 2
6 4
8
1 3
1 4
1 4
1 4
2 2
2 3
3 2
3 3
8
1 4
1 4
1 4
2 2
2 3
2 4
3 2
3 3
8
1 4
1 4
1 4
2 3
2 4
3 2
3 2
3 3
9
1 3
2 1
2 2
2 3
3 1
3 2
3 3
4 3
5 3
9
1 4
2 3
3 2
4 2
5 5
6 6
7 7
8 3
9 4
12
1 4
2 3
3 2
4 1
5 4
6 3
7 2
8 4
9 3
10 4
11 2
12 2
15
1 3
2 2
3 5
4 4
5 6
6 9
7 8
8 10
9 11
10 14
11 12
12 13
13 15
14 7
15 1
18
1 3
2 9
3 2
4 13
5 6
6 11
7 7
8 10
9 14
10 15
11 17
12 16
13 18
14 12
15 8
16 5
17 4
18 1
18
1 3
2 7
3 2
4 6
5 4
6 10
7 18
8 13
9 8
10 5
11 15
12 17
13 16
14 12
15 1
16 14
17 11
18 9
20
1 7
2 2
3 1
4 14
5 6
6 8
7 9
8 20
9 18
10 5
11 17
12 16
13 11
14 15
15 19
16 3
17 13
18 12
19 4
20 10
20
1 3
2 9
3 4
4 2
5 5
6 10
7 12
8 14
9 18
10 17
11 6
12 19
13 16
14 7
15 15
16 8
17 13
18 11
19 20
20 1
