38
2 1 409693891
2 2 516866593
2 3 991574131
2 4 808241507
2 5 853009699
2 6 853009699
2 7 853009699
3 1 606147833
3 2 523290967
3 3 275054399
3 4 530751701
3 5 998393491
3 6 998393491
3 7 998393491
4 1 623349877
4 2 564595259
4 3 383519897
4 4 460111759
4 5 268147283
4 6 268147283
4 7 268147283
5 1 840857653
5 2 258445823
5 3 624686287
5 4 446723429
5 5 978990197
5 6 978990197
5 7 978990197
6 1 224056223
6 2 951266573
6 3 409269397
6 4 714033701
6 5 653135281
6 6 653135281
6 7 653135281
100 500 100000037
87 63 100000037
13 437 100000039
